{
  "metadata": {
    "n_folds": 10,
    "random_state": 42,
    "n_bootstrap": 1000,
    "generated_at": "2026-01-14T09:26:30.194643"
  },
  "models": {
    "Logistic_Regression": {
      "model_name": "Logistic_Regression",
      "n_folds": 10,
      "timestamp": "2026-01-14T09:26:08.552918",
      "metrics": {
        "accuracy": {
          "mean": 0.6829999999999999,
          "std": 0.04243819034784588,
          "min": 0.6,
          "max": 0.74,
          "fold_values": [
            0.7,
            0.74,
            0.72,
            0.6,
            0.65,
            0.65,
            0.65,
            0.73,
            0.71,
            0.68
          ]
        },
        "precision_macro": {
          "mean": 0.6876860641697734,
          "std": 0.04067194427038456,
          "min": 0.6182611556174774,
          "max": 0.7425595238095237,
          "fold_values": [
            0.7032679738562092,
            0.7418414918414918,
            0.7223890557223891,
            0.6182611556174774,
            0.6535153019023987,
            0.6504013866082832,
            0.6535533237685319,
            0.7425595238095237,
            0.7111111111111111,
            0.6799603174603175
          ]
        },
        "recall_macro": {
          "mean": 0.6827688651218062,
          "std": 0.04260290989107462,
          "min": 0.5995246583481878,
          "max": 0.7400475341651812,
          "fold_values": [
            0.700237670825906,
            0.7400475341651812,
            0.7189542483660132,
            0.5995246583481878,
            0.6494355317884729,
            0.6497326203208557,
            0.6494355317884729,
            0.7299465240641712,
            0.7106357694592988,
            0.6797385620915032
          ]
        },
        "f1_macro": {
          "mean": 0.6822246915977166,
          "std": 0.042403670860547284,
          "min": 0.6008616801847896,
          "max": 0.7375236748860434,
          "fold_values": [
            0.7003231126973827,
            0.7375236748860434,
            0.7174603174603176,
            0.6008616801847896,
            0.6497336377473363,
            0.6488388903948676,
            0.6459975982158176,
            0.7322018750269367,
            0.7095588235294118,
            0.6797473058342623
          ]
        },
        "precision_micro": {
          "mean": 0.6829999999999999,
          "std": 0.04243819034784588,
          "min": 0.6,
          "max": 0.74,
          "fold_values": [
            0.7,
            0.74,
            0.72,
            0.6,
            0.65,
            0.65,
            0.65,
            0.73,
            0.71,
            0.68
          ]
        },
        "recall_micro": {
          "mean": 0.6829999999999999,
          "std": 0.04243819034784588,
          "min": 0.6,
          "max": 0.74,
          "fold_values": [
            0.7,
            0.74,
            0.72,
            0.6,
            0.65,
            0.65,
            0.65,
            0.73,
            0.71,
            0.68
          ]
        },
        "f1_micro": {
          "mean": 0.6829999999999999,
          "std": 0.04243819034784588,
          "min": 0.6,
          "max": 0.74,
          "fold_values": [
            0.7,
            0.74,
            0.72,
            0.6,
            0.65,
            0.65,
            0.65,
            0.73,
            0.71,
            0.68
          ]
        },
        "cohen_kappa": {
          "mean": 0.524456296468772,
          "std": 0.06366543553596653,
          "min": 0.4005694590139367,
          "max": 0.6100194990250487,
          "fold_values": [
            0.5502248875562219,
            0.6100194990250487,
            0.5798319327731094,
            0.4005694590139367,
            0.47455337036481005,
            0.47478991596638653,
            0.47439555488812135,
            0.5950809838032394,
            0.5652173913043479,
            0.5198799699924982
          ]
        },
        "per_class_f1": {
          "0": {
            "mean": 0.72035074141733,
            "std": 0.04098358747456738
          },
          "1": {
            "mean": 0.6562054405179054,
            "std": 0.08188246904202327
          },
          "2": {
            "mean": 0.6701178928579142,
            "std": 0.04194705909581124
          }
        }
      },
      "confusion_matrix": {
        "matrix": [
          [
            23.9,
            4.9,
            4.7
          ],
          [
            4.2,
            21.6,
            7.3
          ],
          [
            4.8,
            5.8,
            22.8
          ]
        ],
        "normalized": [
          [
            0.7134328358208955,
            0.14626865671641792,
            0.14029850746268657
          ],
          [
            0.1268882175226586,
            0.6525679758308157,
            0.22054380664652568
          ],
          [
            0.1437125748502994,
            0.17365269461077845,
            0.6826347305389222
          ]
        ]
      },
      "confidence_intervals": {
        "accuracy": [
          0.653,
          0.711
        ],
        "f1_macro": [
          0.6526624280080747,
          0.7100373461302574
        ],
        "precision_macro": [
          0.6526077584591611,
          0.7111694622009703
        ],
        "recall_macro": [
          0.6527681887426857,
          0.7102192471115641
        ]
      }
    },
    "Random_Forest": {
      "model_name": "Random_Forest",
      "n_folds": 10,
      "timestamp": "2026-01-14T09:26:25.857530",
      "metrics": {
        "accuracy": {
          "mean": 0.6980000000000001,
          "std": 0.03969886648255841,
          "min": 0.6,
          "max": 0.74,
          "fold_values": [
            0.74,
            0.73,
            0.67,
            0.6,
            0.71,
            0.73,
            0.68,
            0.73,
            0.7,
            0.69
          ]
        },
        "precision_macro": {
          "mean": 0.7025956902715007,
          "std": 0.041691986492835245,
          "min": 0.6004599567099568,
          "max": 0.7445752818035428,
          "fold_values": [
            0.7437908496732026,
            0.7308712958867757,
            0.6695238095238095,
            0.6004599567099568,
            0.7142857142857143,
            0.7445752818035428,
            0.680275974025974,
            0.7315904139433552,
            0.7126356589147287,
            0.6979479479479479
          ]
        },
        "recall_macro": {
          "mean": 0.6976530005941771,
          "std": 0.039991702990772524,
          "min": 0.5989304812834225,
          "max": 0.7403446226975637,
          "fold_values": [
            0.7403446226975637,
            0.7293523469994058,
            0.6684491978609626,
            0.5989304812834225,
            0.7100415923945335,
            0.7281639928698752,
            0.6797385620915034,
            0.7305407011289363,
            0.7014260249554368,
            0.6895424836601306
          ]
        },
        "f1_macro": {
          "mean": 0.6963482320285971,
          "std": 0.03973424204032599,
          "min": 0.5994394543121496,
          "max": 0.740590525632706,
          "fold_values": [
            0.740590525632706,
            0.7274165727246799,
            0.6633408256126309,
            0.5994394543121496,
            0.7113425080176997,
            0.7236912876153383,
            0.6799027059896625,
            0.7295970329511862,
            0.6976852169537272,
            0.6904761904761904
          ]
        },
        "precision_micro": {
          "mean": 0.6980000000000001,
          "std": 0.03969886648255841,
          "min": 0.6,
          "max": 0.74,
          "fold_values": [
            0.74,
            0.73,
            0.67,
            0.6,
            0.71,
            0.73,
            0.68,
            0.73,
            0.7,
            0.69
          ]
        },
        "recall_micro": {
          "mean": 0.6980000000000001,
          "std": 0.03969886648255841,
          "min": 0.6,
          "max": 0.74,
          "fold_values": [
            0.74,
            0.73,
            0.67,
            0.6,
            0.71,
            0.73,
            0.68,
            0.73,
            0.7,
            0.69
          ]
        },
        "f1_micro": {
          "mean": 0.6980000000000001,
          "std": 0.03969886648255841,
          "min": 0.6,
          "max": 0.74,
          "fold_values": [
            0.74,
            0.73,
            0.67,
            0.6,
            0.71,
            0.73,
            0.68,
            0.73,
            0.7,
            0.69
          ]
        },
        "cohen_kappa": {
          "mean": 0.5469328223937885,
          "std": 0.05956199045106412,
          "min": 0.40002999850007515,
          "max": 0.6101949025487257,
          "fold_values": [
            0.6101949025487257,
            0.594959495949595,
            0.5045045045045045,
            0.40002999850007515,
            0.5648912228057015,
            0.594290007513148,
            0.5198799699924982,
            0.5952023988005997,
            0.550561797752809,
            0.5348139255702281
          ]
        },
        "per_class_f1": {
          "0": {
            "mean": 0.7320413830428336,
            "std": 0.03012389333819667
          },
          "1": {
            "mean": 0.675540012710165,
            "std": 0.06947045202686344
          },
          "2": {
            "mean": 0.6814633003327927,
            "std": 0.06335044506200586
          }
        }
      },
      "confusion_matrix": {
        "matrix": [
          [
            24.4,
            4.0,
            5.1
          ],
          [
            4.9,
            22.4,
            5.8
          ],
          [
            3.8,
            6.6,
            23.0
          ]
        ],
        "normalized": [
          [
            0.7283582089552239,
            0.11940298507462686,
            0.15223880597014924
          ],
          [
            0.1480362537764351,
            0.676737160120846,
            0.17522658610271905
          ],
          [
            0.11377245508982035,
            0.19760479041916168,
            0.688622754491018
          ]
        ]
      },
      "confidence_intervals": {
        "accuracy": [
          0.669,
          0.728
        ],
        "f1_macro": [
          0.6680255874295208,
          0.7273507446462287
        ],
        "precision_macro": [
          0.668618032362954,
          0.727603240570146
        ],
        "recall_macro": [
          0.6678207323431092,
          0.7275957956475361
        ]
      }
    }
  },
  "statistical_comparisons": {
    "Logistic_Regression_vs_Random_Forest": {
      "mcnemar_test": {
        "model_1": "Logistic_Regression",
        "model_2": "Random_Forest",
        "n01_m1_wrong_m2_correct": 143,
        "n10_m1_correct_m2_wrong": 128,
        "mcnemar_statistic": 0.7232472324723247,
        "p_value": 0.3950808193412143,
        "significant_at_0.05":
          false
      }   
    }
  }   
} 
 